# SplashStore garage stock scan — 2026-08-16
# One scanned code per line. Blank lines and # comments ignored.
700175992406
6941607353615
6941607353592
5061066600127
700175991669
6941607353622
700175991874
700175991676
6941057423395
(21)28624(250)2610
3521686005716
3521684700194
6941057429274
XLY41601182
700175992116
4260374980117
5292638000759
4260431461702
4260431461801
4002369155212
5292638000223
5292638000070
5292638000162
4250463127202
4250463106788
8432611960626
(21)68672(250)2510
4260374980025
3760015880062
5425021871968
4250463127004
3521686010178
9001880976110
XLY41601180
6977676344940
6975140315137
8412081308500
6941057412443
9008748790307
8711842033669
8720299182219
6941057426075
(21)11371(250)2510
4250463121347
700175992895
700175991744
4250463108430
4008367154134
X0020RYMP3
05FT72001
9008748095532
